train and validation loss file
0.692839
0.702082
0.708956
0.707098
0.700854
0.704368
0.696919
0.705805
0.700821
0.702714
0.696085
0.693471
0.697578
0.700415
0.703186
0.706128
0.705568
0.704381
0.703831
0.703110
0.705117
0.706521
0.706842
0.707720
0.706112
0.707124
0.705545
0.703714
0.704691
0.704454
0.705272
0.705037
0.704749
0.704466
0.704734
0.705423
0.705795
0.705183
0.705459
0.705090
0.704162
0.703764
0.704262
0.703851
0.704522
0.703461
0.703867
0.704152
0.704585
0.705477
0.705581
0.705986
0.705379
0.705587
0.705950
0.706523
0.706274
0.706460
0.705788
0.705614
0.705532
0.704762
0.704587
0.704462
0.704643
0.704471
0.765532
0.746978
0.736204
0.732931
0.732877
0.730813
0.722784
0.719654
0.718827
0.717716
0.716248
0.711769
0.711786
0.715921
0.714966
0.713567
0.713619
0.716591
0.717891
0.715727
0.715685
0.715326
0.715271
0.713180
0.715007
0.715007
0.712705
0.713627
0.713949
0.714569
0.716450
0.714322
0.713488
0.711925
0.711834
0.710847
0.711126
0.710355
0.709969
0.709675
0.708617
0.708668
0.708735
0.708946
0.709122
0.709412
0.708790
0.708798
0.708032
0.706511
0.707148
0.707433
0.706608
0.706717
0.706795
0.706426
0.706989
0.708676
0.707380
0.707313
0.707377
0.707392
0.707782
0.708167
0.707828
0.707433
0.717003
0.675840
0.683480
0.692272
0.709803
0.714513
0.725660
0.721393
0.719035
0.720202
0.718934
0.717376
0.717953
0.717268
0.713881
0.710009
0.708198
0.710467
0.711189
0.710307
0.708498
0.708952
0.708678
0.708758
0.709178
0.709860
0.710784
0.711032
0.711205
0.711977
0.712309
0.713084
0.712112
0.712520
0.712731
0.711583
0.712408
0.713602
0.714023
0.713735
0.712491
0.712678
0.712990
0.713992
0.713323
0.713306
0.712974
0.713231
0.712799
0.711881
0.711925
0.711732
0.710585
0.711104
0.709809
0.710419
0.710352
0.710104
0.709883
0.709994
0.709141
0.710501
0.709653
0.709645
0.709021
0.708786
0.709492
0.670337
0.700932
0.696611
0.709766
0.722600
0.719199
0.723965
0.720533
0.715115
0.712604
0.710078
0.707960
0.709978
0.709394
0.708460
0.707725
0.705789
0.707450
0.704726
0.706210
0.706074
0.704504
0.702779
0.704506
0.702611
0.701736
0.703407
0.701453
0.701344
0.702000
0.701288
0.700070
0.699466
0.699983
0.700113
0.699709
0.700137
0.701248
0.703284
0.703860
0.703164
0.703022
0.704547
0.704656
0.705387
0.705422
0.705063
0.705693
0.705385
0.705620
0.705473
0.705856
0.705406
0.705619
0.705197
0.705310
0.705863
0.706100
0.705489
0.705925
0.706243
0.705771
0.705104
0.705482
0.705314
0.680150
0.667411
0.677432
0.694743
0.705563
0.711463
0.712080
0.709265
0.702383
0.701101
0.704658
0.702842
0.702588
0.707637
0.707541
0.708768
0.710306
0.709130
0.711832
0.710416
0.709310
0.708664
0.706357
0.707801
0.706691
0.705577
0.703992
0.703771
0.703256
0.703654
0.703969
0.705305
0.705560
0.705506
0.704451
0.705214
0.704907
0.705196
0.704595
0.704108
0.704701
0.704070
0.703622
0.702967
0.702687
0.704250
0.704394
0.704926
0.706385
0.705559
0.704360
0.704190
0.704285
0.705263
0.705222
0.705099
0.706116
0.705418
0.705293
0.705484
0.704825
0.704950
0.703917
0.703399
0.704554
0.704057
0.727042
0.713111
0.709913
0.709990
0.706602
0.699096
0.693885
0.700387
0.701172
0.703590
0.701470
0.707702
0.710792
0.711255
0.712179
0.711164
0.714704
0.714767
0.712647
0.712595
0.712704
0.712255
0.713277
0.713195
0.713447
0.710912
0.710958
0.709863
0.709020
0.709481
0.708906
0.708440
0.708522
0.708062
0.708406
0.706637
0.706968
0.706820
0.706664
0.706429
0.705450
0.706229
0.707165
0.707495
0.707782
0.707408
0.707082
0.707449
0.706585
0.706881
0.706141
0.707205
0.707097
0.709128
0.708866
0.708733
0.708058
0.707105
0.706518
0.706415
0.705642
0.706004
0.705627
0.704987
0.704399
0.704344
0.691213
0.679788
0.676871
0.683917
0.696755
0.698496
0.700957
0.697912
0.696908
0.700296
0.698456
0.702179
0.701126
0.700669
0.703024
0.702785
0.705896
0.706226
0.704479
0.703276
0.706074
0.704251
0.706002
0.706301
0.707180
0.705850
0.704778
0.704013
0.704710
0.702265
0.702109
0.701717
0.702810
0.703058
0.703303
0.701939
0.701726
0.701447
0.701069
0.702425
0.702942
0.702070
0.702805
0.702237
0.703124
0.702966
0.702484
0.702312
0.702322
0.702450
0.702143
0.701924
0.702038
0.701421
0.701559
0.701995
0.702342
0.702851
0.702576
0.701955
0.702213
0.702808
0.702444
0.702482
0.702641
0.702733
0.712662
0.701702
0.709758
0.710433
0.707961
0.705831
0.703016
0.701981
0.701726
0.704845
0.707752
0.704962
0.704105
0.703599
0.703087
0.700174
0.698033
0.700387
0.699352
0.698575
0.699863
0.699248
0.696942
0.695768
0.696227
0.695763
0.697542
0.698426
0.696913
0.698066
0.698615
0.698036
0.696721
0.695670
0.694379
0.694605
0.695708
0.696208
0.697335
0.697311
0.697822
0.696838
0.696312
0.696524
0.696641
0.696637
0.697240
0.697415
0.697359
0.697204
0.697542
0.698293
0.699373
0.700620
0.701423
0.702091
0.702859
0.703832
0.703961
0.704273
0.704358
0.704130
0.703794
0.703052
0.702338
0.702561
0.709903
0.699686
0.702020
0.693859
0.695482
0.693618
0.685924
0.690120
0.697690
0.697449
0.692385
0.697023
0.691588
0.694226
0.691573
0.689645
0.691791
0.691626
0.694063
0.692975
0.694383
0.692151
0.693296
0.695210
0.694405
0.696077
0.695613
0.696672
0.696615
0.696912
0.697944
0.697525
0.697661
0.698463
0.697260
0.697655
0.697633
0.698900
0.698942
0.699302
0.699853
0.699906
0.700045
0.700232
0.700278
0.700535
0.700442
0.699961
0.700289
0.700153
0.700140
0.700623
0.699868
0.700202
0.699923
0.700268
0.700207
0.700270
0.700790
0.701102
0.700542
0.700507
0.700063
0.699927
0.699820
0.700288
0.673202
0.687821
0.687656
0.708920
0.707684
0.701587
0.698808
0.699333
0.700092
0.697882
0.699883
0.703664
0.704782
0.700286
0.702019
0.700430
0.702602
0.702255
0.703652
0.702735
0.704258
0.703098
0.703479
0.706364
0.705340
0.703736
0.704606
0.705061
0.705278
0.705929
0.704870
0.704343
0.702674
0.701891
0.702633
0.701914
0.702798
0.702938
0.702443
0.703069
0.703134
0.703548
0.703134
0.703658
0.703645
0.702605
0.703020
0.702116
0.702905
0.702636
0.702633
0.702746
0.701393
0.701065
0.700412
0.700816
0.701147
0.701730
0.701971
0.702105
0.702137
0.701580
0.702114
0.702355
0.702690
0.702198
0.729679
0.723744
0.716808
0.703181
0.701034
0.699155
0.697029
0.702094
0.701844
0.703696
0.705319
0.704802
0.703226
0.703041
0.703731
0.704855
0.704018
0.702677
0.702671
0.702262
0.703254
0.704256
0.705088
0.704785
0.706519
0.706490
0.704799
0.705788
0.705489
0.706142
0.706521
0.706756
0.706709
0.706525
0.705414
0.704791
0.704862
0.704368
0.704927
0.705130
0.703922
0.704169
0.703225
0.703438
0.703563
0.704553
0.705196
0.705224
0.705046
0.705262
0.704835
0.705195
0.704777
0.704836
0.705188
0.705635
0.705183
0.705046
0.704484
0.704750
0.703750
0.703180
0.703464
0.702960
0.702849
0.702059
0.726273
0.695359
0.707195
0.706966
0.707629
0.705377
0.700343
0.693815
0.695428
0.695565
0.696112
0.698471
0.697899
0.697681
0.700278
0.699449
0.699656
0.700578
0.702358
0.701896
0.703993
0.702443
0.702709
0.703839
0.704756
0.703872
0.703546
0.703885
0.703733
0.703008
0.702208
0.703436
0.704115
0.703781
0.703111
0.702701
0.702934
0.703617
0.704411
0.703496
0.703815
0.703338
0.703286
0.703945
0.703714
0.704223
0.703653
0.702506
0.702070
0.701932
0.701179
0.700690
0.700278
0.700566
0.700051
0.699792
0.699974
0.700126
0.700145
0.699073
0.699480
0.699334
0.699607
0.699971
0.700452
0.700394
0.671980
0.670395
0.674889
0.679842
0.687856
0.682726
0.688337
0.686902
0.687482
0.688908
0.692280
0.689636
0.692536
0.694118
0.694948
0.696097
0.697041
0.697496
0.698605
0.697441
0.697778
0.698262
0.697152
0.698721
0.699881
0.699341
0.700219
0.699106
0.700550
0.700612
0.699964
0.700626
0.700364
0.698706
0.697402
0.698058
0.698736
0.697987
0.698058
0.698775
0.699037
0.700891
0.701181
0.700454
0.699906
0.700790
0.701048
0.701183
0.701740
0.701806
0.702224
0.702117
0.703310
0.702621
0.702781
0.702681
0.703030
0.702481
0.702048
0.701526
0.702123
0.701972
0.702420
0.702191
0.701953
0.702362
0.713928
0.703363
0.705592
0.726218
0.725845
0.724358
0.725941
0.727777
0.724513
0.722663
0.719310
0.717848
0.717473
0.716580
0.717638
0.718236
0.716436
0.714552
0.711193
0.711479
0.711500
0.710145
0.709613
0.709923
0.711211
0.710459
0.709052
0.709233
0.708464
0.707470
0.707928
0.707762
0.708178
0.707712
0.708288
0.707166
0.708717
0.708288
0.707456
0.706966
0.707463
0.705849
0.705332
0.704483
0.703117
0.702589
0.702898
0.702200
0.702724
0.702310
0.701795
0.701637
0.701689
0.701618
0.701593
0.701087
0.701095
0.700654
0.700289
0.700359
0.700337
0.699687
0.700022
0.700051
0.700295
0.700070
0.678354
0.687242
0.686271
0.687844
0.697310
0.700717
0.701467
0.700950
0.699508
0.695550
0.696835
0.698142
0.696301
0.697343
0.698667
0.698079
0.696468
0.695968
0.697697
0.698044
0.697112
0.699006
0.697541
0.696466
0.697721
0.696954
0.695930
0.696426
0.696310
0.697479
0.697423
0.696713
0.695023
0.695019
0.696123
0.696615
0.695985
0.696591
0.695253
0.695828
0.696287
0.696756
0.695841
0.696265
0.695980
0.696647
0.696786
0.698287
0.698254
0.697729
0.697463
0.698443
0.698973
0.699005
0.699098
0.699184
0.699313
0.699595
0.699725
0.700529
0.700317
0.700714
0.699875
0.699836
0.699302
0.699419
0.757519
0.723145
0.728434
0.742135
0.734933
0.727117
0.725110
0.712869
0.713936
0.713952
0.713565
0.713063
0.713043
0.710601
0.708132
0.705885
0.705918
0.705035
0.704691
0.702713
0.702614
0.703484
0.702238
0.701987
0.703096
0.704601
0.704313
0.705579
0.705085
0.704498
0.703330
0.704438
0.705090
0.705693
0.705100
0.705928
0.707152
0.706534
0.706618
0.707215
0.705937
0.706083
0.704992
0.704599
0.705177
0.705254
0.704771
0.704917
0.704870
0.704019
0.703678
0.702795
0.703032
0.703555
0.703282
0.702801
0.702219
0.701378
0.701444
0.701694
0.702206
0.701834
0.700896
0.700911
0.700037
0.700053
0.739963
0.725885
0.714556
0.706718
0.704959
0.698537
0.700533
0.700722
0.699392
0.695550
0.694682
0.694372
0.694131
0.695774
0.700192
0.700565
0.700075
0.698879
0.702394
0.702551
0.702527
0.701728
0.701404
0.700227
0.699888
0.700848
0.699631
0.697928
0.698511
0.697961
0.696872
0.697216
0.697975
0.699298
0.700396
0.700582
0.700407
0.699936
0.698950
0.698744
0.698849
0.699044
0.699481
0.700278
0.700465
0.699211
0.698934
0.699258
0.699063
0.698470
0.699023
0.699055
0.700045
0.699861
0.700169
0.700051
0.699600
0.698876
0.698929
0.698871
0.698723
0.698313
0.697878
0.697477
0.697607
0.697774
0.684588
0.706982
0.701539
0.705782
0.700909
0.699140
0.698954
0.699402
0.698959
0.698750
0.698794
0.699829
0.698295
0.701657
0.701997
0.701712
0.699599
0.700641
0.699968
0.698973
0.698197
0.697726
0.696664
0.696493
0.696478
0.696565
0.695932
0.697625
0.698294
0.698174
0.697732
0.696322
0.695302
0.694557
0.694089
0.693983
0.694140
0.694433
0.694459
0.694507
0.694955
0.695894
0.695994
0.695425
0.695878
0.695315
0.695674
0.695418
0.694820
0.695110
0.694860
0.695820
0.695238
0.695461
0.695691
0.695956
0.696221
0.696412
0.696465
0.696218
0.696107
0.696361
0.696295
0.696323
0.696310
0.696711
0.712918
0.686196
0.690416
0.698244
0.702090
0.701664
0.706455
0.708444
0.705244
0.704657
0.703627
0.703664
0.702169
0.701284
0.701147
0.699661
0.699085
0.699987
0.697850
0.698930
0.697532
0.696767
0.696726
0.696378
0.697059
0.695923
0.697242
0.697378
0.697084
0.697154
0.696591
0.695779
0.695534
0.695561
0.695573
0.695375
0.694043
0.693802
0.693550
0.693031
0.693810
0.693638
0.693322
0.694127
0.694172
0.694316
0.693736
0.693068
0.693191
0.693039
0.692709
0.692632
0.693245
0.693287
0.693421
0.693390
0.693164
0.693948
0.693946
0.694654
0.694245
0.694908
0.695194
0.695316
0.695619
0.695750
0.686928
0.695991
0.690172
0.689396
0.687114
0.689049
0.697007
0.694722
0.690465
0.687231
0.690367
0.690309
0.692491
0.691499
0.691091
0.690398
0.691143
0.692230
0.693459
0.693189
0.692826
0.693698
0.693865
0.692823
0.694511
0.693375
0.691868
0.693515
0.693533
0.692947
0.692849
0.692423
0.692483
0.692713
0.692330
0.693017
0.693341
0.693127
0.692820
0.692495
0.692042
0.691847
0.692232
0.692776
0.693776
0.693352
0.692756
0.693869
0.694536
0.694677
0.694943
0.695249
0.695256
0.695005
0.695037
0.694957
0.695040
0.695294
0.695541
0.695348
0.695828
0.696113
0.695535
0.695558
0.695780
0.696290
0.668176
0.666124
0.675281
0.688034
0.691457
0.694367
0.689003
0.694704
0.696885
0.699918
0.700551
0.695865
0.697360
0.698214
0.696734
0.698345
0.697709
0.697604
0.698517
0.699227
0.698919
0.699160
0.698299
0.696341
0.696086
0.696534
0.697559
0.697743
0.698470
0.697835
0.697213
0.696755
0.697895
0.698186
0.696754
0.697667
0.698300
0.698852
0.698730
0.698525
0.697977
0.697977
0.698262
0.698097
0.697251
0.697189
0.697356
0.696470
0.695541
0.695929
0.695867
0.695695
0.695385
0.695902
0.696061
0.695678
0.695010
0.694718
0.694907
0.694234
0.693721
0.694253
0.693869
0.693646
0.693875
0.694026
0.673779
0.672275
0.680046
0.673668
0.673079
0.673489
0.680111
0.682828
0.684081
0.686003
0.688213
0.687767
0.689063
0.688759
0.688126
0.688419
0.691097
0.691900
0.692586
0.695141
0.693602
0.692746
0.693011
0.691790
0.693191
0.692599
0.691792
0.692542
0.694255
0.694811
0.695335
0.694591
0.694370
0.694476
0.693976
0.693052
0.694502
0.693504
0.693711
0.693798
0.694068
0.693422
0.693577
0.693471
0.693519
0.693887
0.694285
0.694407
0.693992
0.694555
0.694078
0.695104
0.695207
0.695838
0.695756
0.695724
0.696103
0.695736
0.695457
0.695458
0.695580
0.695348
0.695311
0.695416
0.695235
0.695636
0.660366
0.686927
0.699764
0.698835
0.698531
0.694886
0.697508
0.692956
0.693103
0.691968
0.689610
0.689813
0.690187
0.689542
0.688480
0.689713
0.689637
0.688885
0.688028
0.687208
0.687285
0.687613
0.688844
0.689019
0.690408
0.691337
0.691822
0.692524
0.693157
0.693847
0.693643
0.693021
0.692159
0.692827
0.693328
0.692971
0.692258
0.692590
0.692592
0.692901
0.693014
0.692597
0.691986
0.692943
0.693006
0.692731
0.693548
0.693559
0.693185
0.692498
0.692403
0.692640
0.692598
0.692752
0.693050
0.693536
0.693580
0.693287
0.692829
0.692576
0.692503
0.692177
0.692428
0.692541
0.693194
0.693587
0.677772
0.693671
0.699563
0.707028
0.702573
0.698691
0.701296
0.700113
0.702763
0.699572
0.699563
0.699453
0.697890
0.697681
0.699487
0.698717
0.697081
0.695073
0.693738
0.693936
0.694596
0.693240
0.693627
0.693334
0.692121
0.691105
0.690984
0.690918
0.691446
0.692031
0.693003
0.692343
0.691847
0.691168
0.691559
0.691806
0.691657
0.691458
0.692420
0.691682
0.691751
0.691813
0.691775
0.691942
0.692399
0.691914
0.692144
0.692348
0.692798
0.693417
0.693731
0.693450
0.694167
0.694605
0.694105
0.693314
0.693327
0.693025
0.693572
0.693131
0.693211
0.693090
0.692946
0.692548
0.692738
0.693022
0.725304
0.703831
0.713690
0.715610
0.708243
0.699860
0.700032
0.700232
0.695106
0.697068
0.700111
0.698202
0.697500
0.695358
0.695741
0.696312
0.697192
0.696078
0.695486
0.697045
0.697718
0.698298
0.699455
0.699531
0.699751
0.698876
0.697128
0.697248
0.696582
0.697504
0.697520
0.697115
0.696833
0.696792
0.696684
0.696443
0.696410
0.696063
0.696390
0.695637
0.695768
0.695035
0.695203
0.694837
0.694564
0.694359
0.694262
0.693322
0.693192
0.692713
0.692618
0.692777
0.692288
0.692134
0.691825
0.691644
0.692426
0.692688
0.693590
0.693684
0.693595
0.693754
0.693897
0.694087
0.693726
0.693193
0.676354
0.681133
0.688262
0.695214
0.693340
0.700129
0.699847
0.692810
0.692093
0.694690
0.692548
0.690879
0.693238
0.691027
0.691205
0.689594
0.690393
0.691475
0.692348
0.690866
0.689964
0.690211
0.690932
0.690475
0.690393
0.689966
0.688968
0.690606
0.691375
0.691007
0.690713
0.691094
0.691909
0.691424
0.691882
0.692662
0.692960
0.692686
0.692754
0.692626
0.693530
0.693174
0.692736
0.693043
0.692526
0.692634
0.692417
0.693008
0.692872
0.692190
0.692638
0.693102
0.693545
0.693717
0.693294
0.692915
0.693102
0.692474
0.692805
0.693101
0.693272
0.693729
0.694315
0.694343
0.693787
0.693656
0.699293
0.694229
0.687925
0.683381
0.690292
0.690647
0.690908
0.689880
0.686920
0.685509
0.683686
0.684977
0.687132
0.685108
0.686054
0.684941
0.684253
0.685197
0.686612
0.685032
0.685343
0.685202
0.686583
0.685953
0.686340
0.686720
0.688726
0.689432
0.690749
0.691061
0.690386
0.691601
0.691181
0.690099
0.690059
0.690801
0.690831
0.690922
0.691653
0.691604
0.692131
0.692390
0.691934
0.691977
0.691887
0.692227
0.692102
0.692290
0.692612
0.693079
0.692855
0.692297
0.691765
0.692593
0.692688
0.692716
0.692025
0.691913
0.692121
0.692554
0.692601
0.692281
0.692456
0.692069
0.691942
0.691969
0.700679
0.688899
0.686524
0.694979
0.697064
0.697342
0.696799
0.697597
0.694577
0.695282
0.695308
0.694393
0.693564
0.693212
0.692981
0.692206
0.691542
0.693393
0.693204
0.694988
0.694631
0.694713
0.694338
0.695120
0.695863
0.694658
0.695024
0.694568
0.694224
0.694131
0.694120
0.694156
0.693890
0.694214
0.694155
0.694848
0.694714
0.695901
0.696075
0.695720
0.695885
0.695993
0.695287
0.695192
0.694903
0.695036
0.694795
0.695403
0.695397
0.695364
0.695278
0.694912
0.694532
0.694132
0.693515
0.693597
0.693408
0.693552
0.694023
0.693551
0.693094
0.692863
0.693068
0.693251
0.693509
0.693751
0.700797
0.686935
0.703926
0.711722
0.705955
0.696903
0.695448
0.699645
0.700211
0.698804
0.693294
0.690758
0.690561
0.688067
0.689281
0.687831
0.688190
0.687250
0.687925
0.688819
0.688053
0.689198
0.687907
0.687444
0.688122
0.688194
0.688671
0.688052
0.687934
0.687893
0.688324
0.689418
0.688840
0.689247
0.688853
0.688255
0.688113
0.688007
0.688581
0.688467
0.688963
0.689610
0.689809
0.690845
0.690900
0.691199
0.691025
0.690965
0.691256
0.691559
0.691074
0.690968
0.691717
0.692109
0.692158
0.692449
0.692071
0.692126
0.692406
0.692861
0.693100
0.693214
0.692921
0.692721
0.692932
0.692939
0.713811
0.694217
0.697334
0.697549
0.700615
0.697563
0.697395
0.698805
0.695253
0.695193
0.694891
0.692952
0.690089
0.689862
0.687954
0.686769
0.687049
0.687637
0.689432
0.689238
0.690785
0.691574
0.691946
0.690127
0.690474
0.690948
0.691129
0.690341
0.691104
0.690665
0.690068
0.689560
0.690160
0.690323
0.690670
0.690206
0.689914
0.689425
0.689748
0.689897
0.690633
0.690142
0.690792
0.691590
0.691201
0.690987
0.691007
0.690454
0.691223
0.691157
0.691497
0.691944
0.691951
0.691426
0.691612
0.691745
0.691787
0.691756
0.692140
0.691758
0.692015
0.691883
0.691676
0.691971
0.692427
0.692358
0.719157
0.691340
0.698145
0.694989
0.693147
0.693871
0.699231
0.701022
0.699692
0.699323
0.699305
0.697192
0.695675
0.697154
0.695498
0.694237
0.693440
0.692398
0.692447
0.693030
0.693171
0.692904
0.691739
0.691063
0.691652
0.691436
0.690713
0.690771
0.690510
0.689392
0.689697
0.689533
0.689520
0.689409
0.690587
0.690921
0.690566
0.690527
0.690267
0.690435
0.690913
0.690845
0.690296
0.690280
0.690136
0.689932
0.689888
0.689668
0.689758
0.689547
0.690077
0.690857
0.690514
0.690280
0.690843
0.690866
0.690404
0.690626
0.690225
0.690359
0.690510
0.690133
0.690282
0.690191
0.690404
0.690312
0.672437
0.680873
0.690106
0.688165
0.699214
0.695656
0.696597
0.694358
0.696446
0.695306
0.694686
0.693276
0.693591
0.691860
0.690882
0.690225
0.689183
0.690866
0.691250
0.690345
0.689657
0.688656
0.686822
0.686025
0.685519
0.685623
0.685994
0.686014
0.685983
0.686454
0.686422
0.686813
0.687836
0.687851
0.688026
0.688340
0.688448
0.688632
0.688484
0.688631
0.688231
0.688280
0.688230
0.688800
0.688431
0.688618
0.688797
0.688865
0.689245
0.689659
0.689994
0.690164
0.690445
0.690499
0.690201
0.689932
0.690188
0.690205
0.690633
0.690730
0.690734
0.690819
0.691080
0.690965
0.691341
0.691230
0.691913
0.695580
0.688387
0.692440
0.690229
0.691965
0.695478
0.694124
0.694124
0.695335
0.693179
0.690266
0.691136
0.691097
0.690755
0.689840
0.690057
0.688747
0.689245
0.690994
0.690710
0.691038
0.691331
0.690648
0.690468
0.691012
0.691370
0.691133
0.690600
0.691016
0.691651
0.690005
0.689684
0.689135
0.689247
0.689874
0.689811
0.690944
0.690926
0.691587
0.691754
0.692546
0.692118
0.692707
0.692475
0.692280
0.692533
0.692592
0.692654
0.692156
0.691997
0.691597
0.692198
0.691805
0.692009
0.691836
0.691678
0.691767
0.691166
0.691094
0.691411
0.691269
0.690903
0.690657
0.690703
0.690271
0.716736
0.697376
0.697978
0.689876
0.688240
0.688906
0.686960
0.686636
0.688892
0.686767
0.686638
0.686762
0.688542
0.689151
0.691166
0.689419
0.689502
0.689076
0.689009
0.689251
0.688789
0.687411
0.687097
0.687263
0.687858
0.688204
0.686691
0.686390
0.686635
0.686699
0.687469
0.687673
0.687681
0.688105
0.688651
0.688759
0.688736
0.688833
0.689046
0.688892
0.688918
0.689893
0.690331
0.690616
0.691309
0.690924
0.690356
0.690218
0.689746
0.689778
0.689208
0.690007
0.689961
0.689905
0.690178
0.691073
0.691618
0.691382
0.691635
0.691949
0.691989
0.691578
0.691768
0.691468
0.691778
0.691681
0.697399
0.691965
0.700351
0.687366
0.683866
0.687344
0.683484
0.683081
0.684744
0.683017
0.682331
0.683141
0.685327
0.685962
0.683040
0.681416
0.683046
0.683274
0.684718
0.684136
0.686047
0.684595
0.686238
0.688232
0.687276
0.687897
0.687742
0.688711
0.689153
0.690446
0.689530
0.689724
0.690364
0.690366
0.690720
0.691412
0.691194
0.691676
0.691294
0.691983
0.692293
0.691907
0.691554
0.690482
0.690598
0.691246
0.691714
0.691163
0.691819
0.691670
0.691996
0.691979
0.691862
0.691037
0.691233
0.690930
0.691257
0.691229
0.691345
0.691019
0.690772
0.691341
0.691696
0.691428
0.691385
0.691153
0.702985
0.692550
0.690490
0.695586
0.698948
0.691537
0.689140
0.690309
0.689656
0.688726
0.687186
0.687512
0.687519
0.686760
0.687102
0.687990
0.688401
0.687389
0.687304
0.686369
0.687584
0.688108
0.689027
0.689552
0.689165
0.689696
0.689672
0.688528
0.688713
0.688436
0.687978
0.688056
0.688358
0.688853
0.688698
0.688531
0.689217
0.688907
0.688789
0.689355
0.688930
0.688724
0.688844
0.689346
0.689459
0.689459
0.689210
0.689751
0.689929
0.689876
0.689504
0.689935
0.690374
0.689899
0.689823
0.689585
0.689754
0.689811
0.689786
0.689891
0.689720
0.690131
0.690086
0.690057
0.690391
0.690502
0.695697
0.691993
0.681693
0.682206
0.683135
0.683560
0.688316
0.687551
0.686266
0.687742
0.686775
0.685713
0.686018
0.688186
0.687969
0.690987
0.689410
0.690231
0.689746
0.689195
0.689605
0.690242
0.689403
0.689445
0.690058
0.690004
0.690106
0.690473
0.690558
0.690094
0.689811
0.690276
0.690502
0.689792
0.690209
0.689851
0.689715
0.688864
0.689122
0.689590
0.689895
0.689792
0.690406
0.690207
0.690307
0.689981
0.689594
0.689577
0.689766
0.689695
0.690186
0.690257
0.690230
0.690111
0.690582
0.691085
0.691441
0.691391
0.691429
0.691706
0.691771
0.691383
0.691459
0.691053
0.691239
0.691075
0.681748
0.695077
0.686646
0.682754
0.681732
0.685422
0.687449
0.685802
0.687107
0.687092
0.688251
0.689178
0.691199
0.691032
0.690961
0.690258
0.690784
0.689425
0.688897
0.689747
0.689819
0.689506
0.689044
0.688889
0.688499
0.690170
0.690376
0.689471
0.689078
0.688376
0.687768
0.688397
0.688487
0.687880
0.688276
0.688548
0.688683
0.689340
0.689262
0.689089
0.689845
0.690021
0.690231
0.690560
0.690393
0.689897
0.689513
0.689534
0.689250
0.689088
0.689038
0.689200
0.689341
0.688933
0.689025
0.689310
0.689128
0.688996
0.688891
0.689002
0.688817
0.689570
0.689399
0.689448
0.688958
0.688855
0.682729
0.678600
0.679270
0.682202
0.678926
0.678106
0.681731
0.681872
0.682189
0.683289
0.684639
0.686675
0.688770
0.689823
0.688742
0.689362
0.689507
0.689843
0.689008
0.689790
0.690745
0.690400
0.690539
0.691214
0.691388
0.691284
0.692097
0.691230
0.690882
0.690665
0.690957
0.691868
0.691786
0.691829
0.691088
0.690251
0.690730
0.690714
0.690671
0.689978
0.690948
0.691041
0.691003
0.691341
0.691539
0.690754
0.689984
0.689907
0.689575
0.689610
0.689041
0.689479
0.689713
0.689817
0.689668
0.688917
0.689534
0.689386
0.689406
0.689240
0.688734
0.688788
0.688618
0.688623
0.688423
0.688380
0.709183
0.698175
0.695762
0.690872
0.692647
0.692437
0.691803
0.689653
0.686787
0.687459
0.685650
0.684214
0.683425
0.685391
0.683098
0.684975
0.685024
0.685832
0.686265
0.686868
0.687044
0.687636
0.686700
0.687003
0.689096
0.689635
0.689837
0.690349
0.690546
0.689637
0.690231
0.690595
0.690228
0.690027
0.689823
0.690040
0.689895
0.689519
0.689806
0.689903
0.690242
0.690473
0.691318
0.690991
0.690578
0.690808
0.691038
0.690749
0.691341
0.691089
0.691001
0.691135
0.691628
0.691782
0.691262
0.691721
0.691757
0.691528
0.690998
0.690848
0.690650
0.690738
0.690552
0.690716
0.690507
0.690053
0.674726
0.669870
0.679258
0.681396
0.684866
0.685092
0.685310
0.686894
0.684607
0.684816
0.684054
0.685896
0.685317
0.686252
0.685088
0.685476
0.684410
0.685376
0.686921
0.686243
0.686713
0.687158
0.687767
0.686611
0.688025
0.688632
0.688417
0.688731
0.689739
0.690477
0.689958
0.689254
0.688606
0.688905
0.689590
0.688799
0.688509
0.688722
0.689044
0.689097
0.689113
0.689255
0.688888
0.689202
0.689118
0.688541
0.688691
0.688896
0.689454
0.689698
0.690016
0.689010
0.689117
0.689061
0.689018
0.688702
0.688604
0.688736
0.689265
0.689171
0.689115
0.689422
0.689124
0.689275
0.689554
0.689279
0.693956
0.696991
0.689332
0.690120
0.695555
0.695897
0.693127
0.694837
0.692215
0.690460
0.689636
0.687306
0.685563
0.688399
0.688636
0.689960
0.690376
0.690517
0.689895
0.690371
0.690065
0.689779
0.689474
0.689735
0.688961
0.689088
0.689256
0.688370
0.688817
0.688116
0.687721
0.688185
0.689379
0.688907
0.689144
0.689864
0.689943
0.689435
0.688819
0.689028
0.689418
0.689806
0.688956
0.689855
0.689485
0.689594
0.689451
0.689219
0.689190
0.688972
0.689136
0.689502
0.689386
0.689732
0.689571
0.689618
0.689816
0.690079
0.689797
0.690037
0.689646
0.689710
0.689857
0.690094
0.689731
0.689671
0.672937
0.689893
0.696764
0.691052
0.690081
0.690338
0.691641
0.692225
0.693391
0.691574
0.692055
0.692160
0.690452
0.688831
0.688268
0.688201
0.687848
0.687632
0.688354
0.688194
0.687255
0.688017
0.687321
0.686743
0.686180
0.686694
0.687143
0.687757
0.686913
0.687353
0.687199
0.686802
0.687635
0.687588
0.687788
0.687655
0.687690
0.687791
0.688019
0.687782
0.688026
0.688162
0.687912
0.688581
0.688557
0.688792
0.688853
0.689057
0.688946
0.688720
0.688125
0.687561
0.687278
0.687116
0.686939
0.687006
0.687565
0.687088
0.687093
0.687224
0.687263
0.687012
0.686816
0.686917
0.687225
0.686914
0.671338
0.668478
0.676271
0.672537
0.677398
0.675851
0.677837
0.675633
0.678291
0.678432
0.680333
0.679090
0.677720
0.676374
0.675955
0.676969
0.677083
0.677750
0.677878
0.678842
0.679868
0.679459
0.680079
0.679600
0.679097
0.678824
0.678885
0.679390
0.679817
0.679100
0.679559
0.680246
0.680414
0.680352
0.681222
0.681948
0.681906
0.681654
0.682154
0.682660
0.682908
0.682601
0.682927
0.683345
0.683423
0.683713
0.683545
0.683966
0.683713
0.683605
0.684436
0.684862
0.685220
0.685042
0.685677
0.685213
0.685334
0.685465
0.685435
0.686529
0.686874
0.687386
0.687443
0.687459
0.687699
0.687853
0.706136
0.697977
0.697060
0.692849
0.693137
0.692123
0.692393
0.688292
0.689398
0.688498
0.689259
0.688571
0.688871
0.686380
0.687698
0.687228
0.685821
0.685354
0.684015
0.685856
0.684818
0.685466
0.685522
0.684768
0.684389
0.683318
0.683228
0.683873
0.683494
0.684008
0.684137
0.684438
0.684460
0.683994
0.684312
0.684858
0.685587
0.686349
0.686096
0.686111
0.686443
0.686746
0.687197
0.687132
0.687501
0.687684
0.687201
0.686950
0.687112
0.686994
0.687053
0.687177
0.687220
0.687367
0.687029
0.686317
0.685943
0.685901
0.685675
0.686066
0.686246
0.686610
0.686801
0.686927
0.686829
0.686999
0.702176
0.695420
0.688962
0.693656
0.691241
0.693344
0.694670
0.693117
0.691128
0.689713
0.689450
0.690955
0.692073
0.691145
0.692354
0.690499
0.690259
0.690869
0.691397
0.691916
0.691698
0.690452
0.690626
0.691559
0.692778
0.691675
0.691941
0.691208
0.690262
0.689873
0.689446
0.688854
0.688239
0.688097
0.687619
0.687142
0.687313
0.687053
0.687138
0.687049
0.686912
0.686678
0.686725
0.687130
0.687212
0.686823
0.686462
0.686324
0.686645
0.687261
0.687206
0.687461
0.687275
0.687153
0.687013
0.686695
0.686661
0.686819
0.686847
0.686511
0.686360
0.686395
0.686166
0.686292
0.686465
0.686409
0.689101
0.689980
0.681704
0.682852
0.682564
0.683378
0.682266
0.683412
0.684584
0.686030
0.685999
0.685758
0.684907
0.686012
0.686578
0.687694
0.685949
0.685505
0.685185
0.685950
0.684413
0.684188
0.684599
0.684564
0.683208
0.683223
0.683175
0.683478
0.684644
0.685539
0.685529
0.685610
0.685976
0.685867
0.687719
0.688013
0.688728
0.688370
0.687688
0.687325
0.686997
0.687442
0.687264
0.687226
0.687751
0.687996
0.687904
0.687660
0.687348
0.687563
0.686594
0.686052
0.686536
0.687237
0.687361
0.687121
0.687012
0.687328
0.687413
0.687148
0.687333
0.687470
0.687254
0.687202
0.687309
0.687482
0.701012
0.687877
0.689605
0.696085
0.697428
0.696949
0.693942
0.690298
0.690482
0.691165
0.688763
0.688427
0.687803
0.689272
0.690872
0.689373
0.687765
0.687365
0.688461
0.688307
0.688777
0.688154
0.688420
0.688310
0.688795
0.689724
0.690438
0.689968
0.689222
0.689888
0.689455
0.689663
0.689019
0.688495
0.688211
0.688069
0.687841
0.687603
0.687489
0.686808
0.686398
0.686653
0.686651
0.686541
0.686676
0.686492
0.686386
0.686924
0.687192
0.687279
0.687278
0.687587
0.688016
0.687751
0.687396
0.686974
0.687082
0.687015
0.686489
0.686254
0.686435
0.686309
0.686717
0.686502
0.686491
0.686674
