train and validation loss file
0.000000
0.000109
0.000074
0.000055
0.000348
0.000290
0.001435
0.001528
0.001364
0.001227
0.001116
0.001331
0.001229
0.001141
0.001122
0.001071
0.001599
0.001569
0.001984
0.001885
0.001795
0.001743
0.001710
0.001639
0.001589
0.001528
0.001472
0.001419
0.001370
0.001342
0.001391
0.001348
0.001307
0.001270
0.001233
0.001224
0.001191
0.001206
0.001176
0.002595
0.002532
0.002472
0.003243
0.003469
0.003392
0.003318
0.003354
0.003304
0.003291
0.003271
0.003207
0.003145
0.003086
0.003035
0.002980
0.002934
0.002882
0.002979
0.002928
0.002879
0.002832
0.002807
0.002763
0.002725
0.002688
0.002659
0.002621
0.002583
0.002586
0.002549
0.002514
0.002490
0.002456
0.002453
0.002420
0.002388
0.002382
0.002351
0.002322
0.002293
0.002264
0.002237
0.002210
0.002183
0.002158
0.002133
0.002109
0.002090
0.002140
0.002116
0.002093
0.002070
0.002048
0.002027
0.002011
0.002040
0.002026
0.002005
0.001985
0.001966
0.001951
0.001932
0.001920
0.001901
0.001883
0.001866
0.001863
0.001846
0.001829
0.001813
0.001812
0.001796
0.001780
0.001764
0.001758
0.001743
0.001728
0.001713
0.001699
0.001685
0.001671
0.001657
0.001647
0.001634
0.001621
0.001608
0.001600
0.001589
0.001611
0.001601
0.002021
0.002005
0.001990
0.001979
0.001964
0.001950
0.001936
0.001922
0.001908
0.001911
0.001905
0.001894
0.001881
0.001874
0.001861
0.001848
0.001836
0.001829
0.001816
0.001826
0.001830
0.001818
0.001806
0.001795
0.001783
0.001776
0.001767
0.001756
0.001779
0.001768
0.001757
0.001751
0.001741
0.001730
0.001721
0.001711
0.001703
0.001712
0.001701
0.001736
0.001731
0.001722
0.001712
0.001703
0.001701
0.001692
0.001682
0.001677
0.001667
0.001658
0.001649
0.001640
0.001635
0.001626
0.001617
0.001609
0.001600
0.001593
0.001585
0.001577
0.001634
0.001631
0.001623
0.001622
0.002298
0.002439
0.002427
0.002414
0.002402
0.002390
0.002378
0.002367
0.002358
0.002347
0.002338
0.002341
0.002331
0.002336
0.002328
0.002317
0.002307
0.002296
0.003416
0.003406
0.003413
0.003397
0.003383
0.003367
0.003352
0.003337
0.003322
0.003308
0.003293
0.003304
0.003292
0.003277
0.003272
0.003259
0.003245
0.003231
0.003217
0.003203
0.003190
0.003176
0.003178
0.003165
0.003152
0.003138
0.003125
0.003112
0.003099
0.003089
0.003076
0.003066
0.003053
0.003041
0.003029
0.003028
0.003016
0.003007
0.002995
0.002983
0.002972
0.002961
0.002973
0.002961
0.002950
0.002938
0.002928
0.002917
0.002907
0.002896
0.002885
0.002877
0.002866
0.002855
0.002845
0.002836
0.002826
0.002818
0.002818
0.002807
0.002797
0.002796
0.002786
0.002776
0.002766
0.002785
0.002775
0.002863
0.002853
0.002845
0.002835
0.002832
0.002822
0.002812
0.002803
0.002793
0.002791
0.002803
0.002796
0.002786
0.002777
0.002767
0.002758
0.002759
0.002750
0.002745
0.002736
0.002727
0.002720
0.002712
0.002703
0.002694
0.002691
0.002775
0.002766
0.002811
0.002802
0.002794
0.002785
0.002776
0.002768
0.002763
0.002754
0.002746
0.002748
0.002740
0.002733
0.002725
0.002717
0.002719
0.002711
0.002714
0.002725
0.002716
0.002708
0.002707
0.002698
0.002690
0.002692
0.002685
0.002677
